-5.96046e-08 0.15873 0
-5.96046e-08 0.0158727 0
0.0292982 0.0288944 0
0.0485826 0.0238445 0
0.0739255 0.0465952 0
0.0877379 0.056391 0
0.10635 0.0796963 0
0.11044 0.0943612 0
0.131 0.115602 0
0.122712 0.138355 0
0.130892 0.167685 0
0.12064 0.190633 0
0.109281 0.213117 0
0.0968252 0.235039 0
0.0832845 0.256296 0
0.0516208 0.280689 0
0.0344684 0.283479 0
-5.96046e-08 0.285714 0
-0.0344686 0.283479 0
-0.0516207 0.280689 0
-0.0832845 0.256296 0
-0.0968254 0.235039 0
-0.109281 0.213117 0
-0.12064 0.190633 0
-0.130893 0.167685 0
-0.122712 0.138355 0
-0.131 0.115602 0
-0.110441 0.0943612 0
-0.10635 0.0796963 0
-0.087738 0.056391 0
-0.0739257 0.0465952 0
-0.0485827 0.0238445 0
-0.0292983 0.0288944 0
-5.96046e-08 -0.111112 0
0.0475247 -0.107682 0
0.0861455 -0.10078 0
0.12367 -0.0827174 0
0.166277 -0.0546616 0
0.197013 -0.0334956 0
0.228536 0.00939846 0
0.241858 0.057578 0
0.252741 0.108011 0
0.261081 0.160471 0
0.260275 0.202129 0
0.235464 0.247286 0
0.212226 0.303832 0
0.160853 0.354706 0
0.121723 0.373028 0
0.062782 0.406588 0
-1.78814e-07 0.412698 0
-0.0627819 0.406588 0
-0.121723 0.373028 0
-0.160853 0.354706 0
-0.212226 0.303832 0
-0.235465 0.247286 0
-0.260275 0.202129 0
-0.261081 0.160471 0
-0.252741 0.108011 0
-0.241858 0.057578 0
-0.228536 0.00939846 0
-0.197014 -0.0334956 0
-0.166277 -0.0546616 0
-0.12367 -0.0827174 0
-0.0861456 -0.10078 0
-0.0475248 -0.107682 0
-5.96046e-08 -0.253968 0
0.0663669 -0.250282 0
0.120529 -0.236441 0
0.183492 -0.215671 0
0.234462 -0.191806 0
0.281235 -0.149579 0
0.325877 -0.101134 0
0.350797 -0.0304013 0
0.388781 0.0317458 0
0.394005 0.10811 0
0.384837 0.177953 0
0.353838 0.27185 0
0.33185 0.340651 0
0.25171 0.416469 0
0.190099 0.474032 0
0.0965157 0.511269 0
-1.78814e-07 0.523809 0
-0.0965159 0.511269 0
-0.190099 0.474032 0
-0.25171 0.416469 0
-0.33185 0.340651 0
-0.353838 0.27185 0
-0.384837 0.177953 0
-0.394005 0.10811 0
-0.388781 0.0317458 0
-0.350797 -0.0304013 0
-0.325877 -0.101134 0
-0.281235 -0.149579 0
-0.234462 -0.191806 0
-0.183492 -0.215671 0
-0.120529 -0.236441 0
-0.066367 -0.250282 0
-5.96046e-08 -0.396825 0
0.0736921 -0.393414 0
0.150661 -0.383021 0
0.221053 -0.35947 0
0.298999 -0.320974 0
0.36307 -0.278047 0
0.413293 -0.220785 0
0.459155 -0.150423 0
0.499506 -0.0677047 0
0.523379 0.0203524 0
0.518374 0.142857 0
0.491835 0.258859 0
0.445925 0.360623 0
0.361716 0.465555 0
0.271034 0.561563 0
0.136494 0.612721 0
-1.78814e-07 0.63492 0
-0.136494 0.612722 0
-0.271034 0.561563 0
-0.361716 0.465555 0
-0.445925 0.360623 0
-0.491835 0.258859 0
-0.518374 0.142857 0
-0.523379 0.0203524 0
-0.499506 -0.0677047 0
-0.459155 -0.150423 0
-0.413293 -0.220785 0
-0.36307 -0.278047 0
-0.298999 -0.320974 0
-0.221053 -0.35947 0
-0.150662 -0.383021 0
-0.0736923 -0.393414 0
-5.96046e-08 -0.555556 0
0.0839033 -0.540939 0
0.180136 -0.526053 0
0.265468 -0.506809 0
0.346596 -0.463873 0
0.421052 -0.411841 0
0.489809 -0.365225 0
0.555283 -0.265584 0
0.604044 -0.183492 0
0.636555 -0.0920189 0
0.642822 0.0458617 0
0.635227 0.189479 0
0.568154 0.345826 0
0.49104 0.494203 0
0.358071 0.619423 0
0.182585 0.710335 0
-5.96046e-08 0.746032 0
-0.182585 0.710335 0
-0.358072 0.619423 0
-0.491041 0.494203 0
-0.568155 0.345826 0
-0.635227 0.189479 0
-0.642822 0.0458617 0
-0.636556 -0.0920189 0
-0.604044 -0.183492 0
-0.555284 -0.265584 0
-0.489809 -0.365225 0
-0.421053 -0.41184 0
-0.346596 -0.463873 0
-0.265468 -0.506809 0
-0.180137 -0.526053 0
-0.0839034 -0.540939 0
-5.96046e-08 -0.698413 0
0.0950495 -0.689397 0
0.195206 -0.679374 0
0.286581 -0.658691 0
0.379524 -0.626984 0
0.472072 -0.556745 0
0.557522 -0.523432 0
0.635835 -0.425898 0
0.694104 -0.346592 0
0.745362 -0.204748 0
0.778947 -0.0976197 0
0.753307 0.105579 0
0.730037 0.262772 0
0.622289 0.473838 0
0.488015 0.642881 0
0.26687 0.787262 0
-5.96046e-08 0.84127 0
-0.26687 0.787262 0
-0.488015 0.642881 0
-0.62229 0.473839 0
-0.730037 0.262771 0
-0.753307 0.105579 0
-0.778947 -0.0976197 0
-0.745362 -0.204747 0
-0.694104 -0.346592 0
-0.635836 -0.425898 0
-0.557523 -0.523432 0
-0.472072 -0.556745 0
-0.379524 -0.626984 0
-0.286581 -0.658691 0
-0.195206 -0.679374 0
-0.0950496 -0.689397 0
-5.96046e-08 -0.857143 0
0.0995917 -0.853545 0
0.20843 -0.837699 0
0.310511 -0.804808 0
0.415516 -0.775068 0
0.509118 -0.738095 0
0.602379 -0.672122 0
0.691741 -0.57684 0
0.768421 -0.502799 0
0.841194 -0.410878 0
0.875639 -0.244813 0
0.894737 -0.0673004 0
0.863792 0.165297 0
0.766254 0.423341 0
0.592137 0.658044 0
0.323141 0.856928 0
-1.78814e-07 0.936507 0
-0.323141 0.856928 0
-0.592137 0.658044 0
-0.766255 0.423341 0
-0.863792 0.165298 0
-0.894737 -0.0672995 0
-0.875639 -0.244813 0
-0.841194 -0.410878 0
-0.768421 -0.502798 0
-0.691741 -0.57684 0
-0.602379 -0.672122 0
-0.509118 -0.738095 0
-0.415516 -0.775068 0
-0.310511 -0.804808 0
-0.20843 -0.837699 0
-0.0995919 -0.853545 0
-5.96046e-08 -1 0
0.101792 -0.983444 0
0.21231 -0.977721 0
0.338357 -0.956419 0
0.423251 -0.930127 0
0.525755 -0.900686 0
0.629454 -0.841269 0
0.74063 -0.757163 0
0.825713 -0.688209 0
0.897439 -0.597045 0
0.968971 -0.427479 0
0.993103 -0.237196 0
1 -0.0397371 0
0.928257 0.269401 0
0.763192 0.568072 0
0.45427 0.86686 0
-5.96046e-08 1 0
-0.45427 0.86686 0
-0.763193 0.568072 0
-0.928257 0.269401 0
-1 -0.0397362 0
-0.993103 -0.237197 0
-0.96897 -0.427479 0
-0.897439 -0.597045 0
-0.825714 -0.688209 0
-0.74063 -0.757163 0
-0.629455 -0.841269 0
-0.525755 -0.900686 0
-0.423251 -0.930127 0
-0.338357 -0.956419 0
-0.21231 -0.977722 0
-0.101792 -0.983445 0
8 32 257
