0.5 0.5 0
0.5 0.597545 0
0.533877 0.591662 0
0.563668 0.574724 0
0.58578 0.548773 0
0.597545 0.516939 0
0.597545 0.483061 0
0.58578 0.451227 0
0.563668 0.425276 0
0.533877 0.408338 0
0.5 0.402455 0
0.466123 0.408338 0
0.436332 0.425276 0
0.41422 0.451227 0
0.402455 0.483061 0
0.402455 0.516939 0
0.41422 0.548773 0
0.436332 0.574724 0
0.466123 0.591662 0
0.5 0.691342 0
0.566452 0.679802 0
0.624889 0.646576 0
0.668263 0.595671 0
0.691342 0.533226 0
0.691342 0.466774 0
0.668263 0.404329 0
0.624889 0.353424 0
0.566452 0.320198 0
0.5 0.308658 0
0.433548 0.320198 0
0.375111 0.353424 0
0.331737 0.404329 0
0.308658 0.466774 0
0.308658 0.533226 0
0.331737 0.595671 0
0.375111 0.646576 0
0.433548 0.679802 0
0.5 0.777785 0
0.596474 0.761033 0
0.681311 0.712796 0
0.74428 0.638893 0
0.777785 0.548237 0
0.777785 0.451763 0
0.74428 0.361107 0
0.681311 0.287204 0
0.596474 0.238967 0
0.5 0.222215 0
0.403526 0.238967 0
0.318689 0.287204 0
0.25572 0.361107 0
0.222215 0.451763 0
0.222215 0.548237 0
0.25572 0.638893 0
0.318689 0.712796 0
0.403526 0.761033 0
0.5 0.853553 0
0.622788 0.832232 0
0.730766 0.770838 0
0.81091 0.676777 0
0.853553 0.561394 0
0.853553 0.438606 0
0.81091 0.323223 0
0.730766 0.229162 0
0.622788 0.167768 0
0.5 0.146447 0
0.377212 0.167768 0
0.269234 0.229162 0
0.18909 0.323223 0
0.146447 0.438606 0
0.146447 0.561394 0
0.18909 0.676777 0
0.269234 0.770838 0
0.377212 0.832232 0
0.5 0.915735 0
0.644383 0.890663 0
0.771352 0.818471 0
0.865591 0.707867 0
0.915735 0.572192 0
0.915735 0.427808 0
0.865591 0.292133 0
0.771352 0.181529 0
0.644383 0.109337 0
0.5 0.0842652 0
0.355617 0.109337 0
0.228648 0.181529 0
0.134409 0.292133 0
0.0842652 0.427808 0
0.0842652 0.572192 0
0.134409 0.707867 0
0.228648 0.818471 0
0.355617 0.890663 0
0.5 0.96194 0
0.66043 0.934081 0
0.80151 0.853866 0
0.906223 0.73097 0
0.96194 0.580215 0
0.96194 0.419785 0
0.906223 0.26903 0
0.80151 0.146134 0
0.66043 0.0659186 0
0.5 0.0380602 0
0.33957 0.0659186 0
0.19849 0.146134 0
0.0937769 0.26903 0
0.0380603 0.419785 0
0.0380603 0.580215 0
0.093777 0.73097 0
0.19849 0.853866 0
0.33957 0.934081 0
0.5 0.990393 0
0.670312 0.960818 0
0.820081 0.875663 0
0.931244 0.745196 0
0.990393 0.585156 0
0.990393 0.414844 0
0.931244 0.254804 0
0.820081 0.124337 0
0.670312 0.0391816 0
0.5 0.0096073 0
0.329688 0.0391816 0
0.179919 0.124337 0
0.0687559 0.254804 0
0.00960734 0.414844 0
0.00960734 0.585156 0
0.0687559 0.745196 0
0.179919 0.875663 0
0.329688 0.960818 0
0.5 1 0
0.673648 0.969846 0
0.826352 0.883022 0
0.939693 0.75 0
1 0.586824 0
1 0.413176 0
0.939693 0.25 0
0.826352 0.116978 0
0.673648 0.0301537 0
0.5 0 0
0.326352 0.0301537 0
0.173648 0.116978 0
0.0603074 0.25 0
0 0.413176 0
3.78276e-08 0.586824 0
0.0603074 0.75 0
0.173648 0.883022 0
0.326352 0.969846 0
8 18 145
